0,
0,
0,
0,
0,
0,
0,
0,
-1,
0,
0,
1,
1,
1,
0,
-1,
-1,
-1,
-1,
0,
1,
2,
1,
0,
-1,
-2,
-1,
0,
1,
2,
2,
1,
-1,
-3,
-3,
-1,
1,
3,
3,
2,
-1,
-3,
-4,
-3,
0,
3,
4,
4,
1,
-2,
-5,
-5,
-2,
2,
5,
6,
3,
-1,
-5,
-6,
-5,
0,
4,
7,
6,
2,
-4,
-8,
-7,
-3,
3,
8,
9,
5,
-1,
-7,
-10,
-7,
0,
7,
11,
9,
3,
-5,
-11,
-11,
-5,
4,
11,
12,
7,
-2,
-10,
-14,
-10,
-1,
9,
14,
12,
3,
-7,
-15,
-14,
-6,
5,
14,
16,
10,
-2,
-13,
-17,
-12,
-1,
11,
18,
15,
4,
-9,
-18,
-18,
-8,
6,
17,
19,
11,
-3,
-15,
-20,
-15,
-1,
13,
21,
17,
5,
-10,
-20,
-20,
-9,
7,
19,
21,
12,
-3,
-16,
-22,
-15,
-1,
14,
21,
18,
5,
-10,
-20,
-19,
-9,
6,
18,
20,
12,
-3,
-15,
-20,
-14,
-1,
12,
19,
16,
4,
-9,
-17,
-16,
-7,
5,
14,
16,
9,
-2,
-11,
-14,
-10,
-1,
8,
12,
10,
3,
-5,
-9,
-8,
-4,
2,
6,
6,
3,
-1,
-3,
-3,
-2,
0,
1,
0,
-1,
0,
1,
3,
4,
2,
-2,
-7,
-9,
-6,
1,
9,
13,
10,
1,
-10,
-18,
-16,
-5,
10,
22,
23,
11,
-8,
-25,
-30,
-18,
4,
26,
36,
27,
3,
-25,
-42,
-37,
-11,
22,
46,
47,
22,
-16,
-48,
-56,
-35,
7,
47,
65,
48,
5,
-44,
-71,
-62,
-19,
36,
75,
76,
36,
-25,
-76,
-88,
-54,
11,
73,
99,
73,
8,
-65,
-106,
-92,
-29,
53,
109,
109,
52,
-36,
-107,
-125,
-76,
14,
101,
136,
101,
11,
-88,
-143,
-124,
-39,
70,
145,
146,
69,
-47,
-141,
-163,
-100,
18,
130,
176,
130,
14,
-112,
-182,
-158,
-50,
88,
182,
183,
86,
-58,
-175,
-202,
-123,
22,
159,
215,
159,
18,
-136,
-221,
-191,
-60,
105,
218,
218,
103,
-68,
-206,
-239,
-146,
25,
186,
252,
186,
21,
-157,
-256,
-221,
-70,
120,
250,
250,
119,
-77,
-234,
-271,
-166,
28,
209,
283,
209,
24,
-175,
-285,
-246,
-78,
133,
276,
276,
131,
-84,
-257,
-297,
-182,
30,
227,
307,
227,
27,
-188,
-307,
-265,
-85,
141,
295,
295,
141,
-88,
-272,
-314,
-192,
30,
238,
323,
238,
29,
-196,
-319,
-276,
-89,
146,
304,
304,
145,
-90,
-278,
-322,
-197,
30,
242,
328,
242,
30,
-197,
-322,
-278,
-90,
145,
304,
304,
146,
-89,
-276,
-319,
-196,
29,
238,
323,
238,
30,
-192,
-314,
-272,
-88,
141,
295,
295,
141,
-85,
-265,
-307,
-188,
27,
227,
307,
227,
30,
-182,
-297,
-257,
-84,
131,
276,
276,
133,
-78,
-246,
-285,
-175,
24,
209,
283,
209,
28,
-166,
-271,
-234,
-77,
119,
250,
250,
120,
-70,
-221,
-256,
-157,
21,
186,
252,
186,
25,
-146,
-239,
-206,
-68,
103,
218,
218,
105,
-60,
-191,
-221,
-136,
18,
159,
215,
159,
22,
-123,
-202,
-175,
-58,
86,
183,
182,
88,
-50,
-158,
-182,
-112,
14,
130,
176,
130,
18,
-100,
-163,
-141,
-47,
69,
146,
145,
70,
-39,
-124,
-143,
-88,
11,
101,
136,
101,
14,
-76,
-125,
-107,
-36,
52,
109,
109,
53,
-29,
-92,
-106,
-65,
8,
73,
99,
73,
11,
-54,
-88,
-76,
-25,
36,
76,
75,
36,
-19,
-62,
-71,
-44,
5,
48,
65,
47,
7,
-35,
-56,
-48,
-16,
22,
47,
46,
22,
-11,
-37,
-42,
-25,
3,
27,
36,
26,
4,
-18,
-30,
-25,
-8,
11,
23,
22,
10,
-5,
-16,
-18,
-10,
1,
10,
13,
9,
1,
-6,
-9,
-7,
-2,
2,
4,
3,
1,
0,
-1,
0,
1,
0,
-2,
-3,
-3,
-1,
3,
6,
6,
2,
-4,
-8,
-9,
-5,
3,
10,
12,
8,
-1,
-10,
-14,
-11,
-2,
9,
16,
14,
5,
-7,
-16,
-17,
-9,
4,
16,
19,
12,
-1,
-14,
-20,
-15,
-3,
12,
20,
18,
6,
-9,
-19,
-20,
-10,
5,
18,
21,
14,
-1,
-15,
-22,
-16,
-3,
12,
21,
19,
7,
-9,
-20,
-20,
-10,
5,
17,
21,
13,
-1,
-15,
-20,
-15,
-3,
11,
19,
17,
6,
-8,
-18,
-18,
-9,
4,
15,
18,
11,
-1,
-12,
-17,
-13,
-2,
10,
16,
14,
5,
-6,
-14,
-15,
-7,
3,
12,
14,
9,
-1,
-10,
-14,
-10,
-2,
7,
12,
11,
4,
-5,
-11,
-11,
-5,
3,
9,
11,
7,
0,
-7,
-10,
-7,
-1,
5,
9,
8,
3,
-3,
-7,
-8,
-4,
2,
6,
7,
4,
0,
-5,
-6,
-5,
-1,
3,
6,
5,
2,
-2,
-5,
-5,
-2,
1,
4,
4,
3,
0,
-3,
-4,
-3,
-1,
2,
3,
3,
1,
-1,
-3,
-3,
-1,
1,
2,
2,
1,
0,
-1,
-2,
-1,
0,
1,
2,
1,
0,
-1,
-1,
-1,
-1,
0,
1,
1,
1,
0,
0,
-1,
0,
0,
0,
0,
0,
0,
0,
0,
0,
