0,
0,
0,
0,
0,
0,
0,
1,
0,
0,
-1,
0,
1,
1,
0,
-1,
-1,
0,
1,
1,
0,
-1,
-2,
0,
1,
2,
1,
-2,
-2,
-1,
2,
2,
1,
-2,
-3,
-1,
2,
3,
1,
-3,
-3,
-1,
3,
4,
1,
-3,
-4,
-1,
3,
5,
1,
-4,
-5,
-1,
4,
5,
1,
-5,
-6,
-1,
5,
6,
1,
-5,
-7,
-1,
6,
7,
1,
-6,
-8,
-1,
7,
9,
1,
-7,
-9,
-1,
8,
10,
2,
-9,
-10,
-2,
9,
11,
2,
-10,
-11,
-2,
10,
12,
2,
-11,
-13,
-2,
11,
13,
2,
-12,
-14,
-2,
13,
14,
2,
-13,
-15,
-1,
14,
16,
1,
-14,
-16,
-1,
15,
17,
1,
-16,
-17,
-1,
16,
17,
1,
-17,
-18,
-1,
17,
18,
1,
-17,
-18,
-1,
18,
19,
1,
-18,
-19,
-1,
18,
19,
0,
-18,
-19,
0,
19,
19,
0,
-19,
-19,
0,
19,
18,
0,
-18,
-18,
0,
18,
18,
0,
-18,
-17,
1,
17,
17,
-1,
-17,
-16,
1,
16,
15,
-1,
-15,
-14,
1,
14,
13,
-1,
-13,
-12,
1,
12,
11,
-1,
-10,
-9,
1,
9,
8,
-1,
-7,
-6,
1,
5,
4,
0,
-3,
-2,
0,
1,
0,
0,
2,
2,
0,
-4,
-5,
1,
7,
7,
-1,
-10,
-10,
2,
13,
12,
-2,
-17,
-15,
3,
20,
18,
-4,
-24,
-21,
4,
28,
24,
-5,
-32,
-28,
6,
37,
31,
-7,
-41,
-35,
9,
46,
38,
-10,
-51,
-42,
11,
56,
46,
-13,
-61,
-50,
14,
67,
54,
-16,
-73,
-58,
17,
78,
62,
-19,
-84,
-66,
21,
91,
70,
-23,
-97,
-74,
25,
103,
78,
-28,
-110,
-83,
30,
116,
87,
-33,
-123,
-91,
35,
130,
95,
-38,
-137,
-99,
41,
144,
103,
-43,
-151,
-108,
46,
158,
112,
-49,
-165,
-116,
53,
172,
119,
-56,
-179,
-123,
59,
186,
127,
-62,
-193,
-131,
66,
200,
134,
-69,
-207,
-138,
73,
214,
141,
-76,
-221,
-144,
80,
228,
147,
-84,
-234,
-150,
87,
241,
153,
-91,
-247,
-155,
95,
253,
158,
-99,
-259,
-160,
102,
265,
162,
-106,
-271,
-164,
110,
276,
166,
-113,
-281,
-167,
117,
286,
169,
-121,
-291,
-170,
124,
296,
171,
-128,
-300,
-171,
131,
304,
172,
-134,
-308,
-172,
138,
311,
173,
-141,
-314,
-172,
144,
317,
172,
-147,
-319,
-172,
149,
322,
171,
-152,
-323,
-170,
155,
325,
169,
-157,
-326,
-168,
159,
327,
167,
-161,
-328,
-165,
163,
328,
163,
-165,
-328,
-161,
167,
327,
159,
-168,
-326,
-157,
169,
325,
155,
-170,
-323,
-152,
171,
322,
149,
-172,
-319,
-147,
172,
317,
144,
-172,
-314,
-141,
173,
311,
138,
-172,
-308,
-134,
172,
304,
131,
-171,
-300,
-128,
171,
296,
124,
-170,
-291,
-121,
169,
286,
117,
-167,
-281,
-113,
166,
276,
110,
-164,
-271,
-106,
162,
265,
102,
-160,
-259,
-99,
158,
253,
95,
-155,
-247,
-91,
153,
241,
87,
-150,
-234,
-84,
147,
228,
80,
-144,
-221,
-76,
141,
214,
73,
-138,
-207,
-69,
134,
200,
66,
-131,
-193,
-62,
127,
186,
59,
-123,
-179,
-56,
119,
172,
53,
-116,
-165,
-49,
112,
158,
46,
-108,
-151,
-43,
103,
144,
41,
-99,
-137,
-38,
95,
130,
35,
-91,
-123,
-33,
87,
116,
30,
-83,
-110,
-28,
78,
103,
25,
-74,
-97,
-23,
70,
91,
21,
-66,
-84,
-19,
62,
78,
17,
-58,
-73,
-16,
54,
67,
14,
-50,
-61,
-13,
46,
56,
11,
-42,
-51,
-10,
38,
46,
9,
-35,
-41,
-7,
31,
37,
6,
-28,
-32,
-5,
24,
28,
4,
-21,
-24,
-4,
18,
20,
3,
-15,
-17,
-2,
12,
13,
2,
-10,
-10,
-1,
7,
7,
1,
-5,
-4,
0,
2,
2,
0,
0,
1,
0,
-2,
-3,
0,
4,
5,
1,
-6,
-7,
-1,
8,
9,
1,
-9,
-10,
-1,
11,
12,
1,
-12,
-13,
-1,
13,
14,
1,
-14,
-15,
-1,
15,
16,
1,
-16,
-17,
-1,
17,
17,
1,
-17,
-18,
0,
18,
18,
0,
-18,
-18,
0,
18,
19,
0,
-19,
-19,
0,
19,
19,
0,
-19,
-18,
0,
19,
18,
-1,
-19,
-18,
1,
19,
18,
-1,
-18,
-17,
1,
18,
17,
-1,
-18,
-17,
1,
17,
16,
-1,
-17,
-16,
1,
17,
15,
-1,
-16,
-14,
1,
16,
14,
-1,
-15,
-13,
2,
14,
13,
-2,
-14,
-12,
2,
13,
11,
-2,
-13,
-11,
2,
12,
10,
-2,
-11,
-10,
2,
11,
9,
-2,
-10,
-9,
2,
10,
8,
-1,
-9,
-7,
1,
9,
7,
-1,
-8,
-6,
1,
7,
6,
-1,
-7,
-5,
1,
6,
5,
-1,
-6,
-5,
1,
5,
4,
-1,
-5,
-4,
1,
5,
3,
-1,
-4,
-3,
1,
4,
3,
-1,
-3,
-3,
1,
3,
2,
-1,
-3,
-2,
1,
2,
2,
-1,
-2,
-2,
1,
2,
1,
0,
-2,
-1,
0,
1,
1,
0,
-1,
-1,
0,
1,
1,
0,
-1,
0,
0,
1,
0,
0,
0,
0,
0,
0,
0,
0,
