0,
0,
0,
0,
0,
0,
0,
0,
-1,
-1,
-1,
0,
0,
1,
1,
1,
1,
0,
0,
-1,
-2,
-1,
-1,
0,
1,
2,
2,
2,
1,
0,
-1,
-2,
-3,
-2,
-1,
1,
2,
3,
3,
2,
1,
-1,
-3,
-4,
-4,
-2,
0,
2,
4,
5,
4,
2,
-1,
-3,
-5,
-6,
-4,
-2,
2,
5,
6,
6,
4,
1,
-3,
-6,
-8,
-7,
-4,
0,
4,
8,
9,
7,
4,
-1,
-6,
-9,
-10,
-8,
-3,
3,
8,
11,
11,
7,
2,
-5,
-10,
-13,
-11,
-7,
0,
7,
12,
14,
11,
5,
-2,
-10,
-14,
-15,
-11,
-4,
5,
12,
16,
16,
10,
2,
-7,
-15,
-18,
-16,
-9,
1,
10,
17,
19,
15,
7,
-4,
-13,
-19,
-19,
-14,
-4,
7,
16,
20,
19,
12,
2,
-10,
-18,
-21,
-18,
-10,
1,
12,
20,
21,
17,
7,
-4,
-15,
-21,
-21,
-15,
-4,
7,
17,
21,
19,
12,
1,
-10,
-18,
-20,
-17,
-9,
2,
12,
18,
19,
14,
6,
-4,
-13,
-17,
-17,
-11,
-3,
6,
13,
15,
14,
8,
0,
-7,
-12,
-13,
-10,
-5,
1,
6,
9,
9,
6,
2,
-2,
-5,
-6,
-5,
-3,
0,
1,
1,
1,
0,
0,
0,
1,
3,
5,
5,
3,
-1,
-6,
-9,
-11,
-9,
-3,
4,
12,
17,
17,
12,
3,
-9,
-19,
-25,
-23,
-14,
1,
16,
28,
33,
28,
14,
-6,
-26,
-39,
-41,
-31,
-11,
14,
37,
50,
49,
33,
6,
-25,
-50,
-61,
-55,
-31,
3,
38,
64,
72,
59,
27,
-15,
-54,
-79,
-81,
-60,
-19,
29,
71,
93,
89,
57,
8,
-47,
-90,
-107,
-94,
-51,
8,
67,
109,
119,
95,
41,
-27,
-89,
-127,
-129,
-92,
-27,
49,
112,
144,
135,
84,
8,
-74,
-136,
-159,
-136,
-72,
15,
101,
159,
171,
133,
55,
-42,
-129,
-180,
-179,
-125,
-32,
72,
157,
198,
181,
111,
5,
-104,
-185,
-213,
-178,
-91,
26,
137,
210,
222,
169,
65,
-60,
-170,
-232,
-226,
-154,
-35,
96,
201,
249,
224,
132,
0,
-134,
-231,
-261,
-215,
-105,
38,
171,
256,
267,
199,
72,
-78,
-207,
-276,
-265,
-176,
-34,
119,
240,
291,
257,
147,
-7,
-160,
-268,
-298,
-241,
-113,
50,
199,
291,
299,
218,
73,
-94,
-235,
-308,
-291,
-189,
-30,
138,
267,
318,
276,
153,
-15,
-180,
-293,
-320,
-254,
-113,
61,
218,
312,
314,
225,
69,
-107,
-252,
-324,
-301,
-190,
-23,
150,
280,
328,
280,
150,
-23,
-190,
-301,
-324,
-252,
-107,
69,
225,
314,
312,
218,
61,
-113,
-254,
-320,
-293,
-180,
-15,
153,
276,
318,
267,
138,
-30,
-189,
-291,
-308,
-235,
-94,
73,
218,
299,
291,
199,
50,
-113,
-241,
-298,
-268,
-160,
-7,
147,
257,
291,
240,
119,
-34,
-176,
-265,
-276,
-207,
-78,
72,
199,
267,
256,
171,
38,
-105,
-215,
-261,
-231,
-134,
0,
132,
224,
249,
201,
96,
-35,
-154,
-226,
-232,
-170,
-60,
65,
169,
222,
210,
137,
26,
-91,
-178,
-213,
-185,
-104,
5,
111,
181,
198,
157,
72,
-32,
-125,
-179,
-180,
-129,
-42,
55,
133,
171,
159,
101,
15,
-72,
-136,
-159,
-136,
-74,
8,
84,
135,
144,
112,
49,
-27,
-92,
-129,
-127,
-89,
-27,
41,
95,
119,
109,
67,
8,
-51,
-94,
-107,
-90,
-47,
8,
57,
89,
93,
71,
29,
-19,
-60,
-81,
-79,
-54,
-15,
27,
59,
72,
64,
38,
3,
-31,
-55,
-61,
-50,
-25,
6,
33,
49,
50,
37,
14,
-11,
-31,
-41,
-39,
-26,
-6,
14,
28,
33,
28,
16,
1,
-14,
-23,
-25,
-19,
-9,
3,
12,
17,
17,
12,
4,
-3,
-9,
-11,
-9,
-6,
-1,
3,
5,
5,
3,
1,
0,
0,
0,
1,
1,
1,
0,
-3,
-5,
-6,
-5,
-2,
2,
6,
9,
9,
6,
1,
-5,
-10,
-13,
-12,
-7,
0,
8,
14,
15,
13,
6,
-3,
-11,
-17,
-17,
-13,
-4,
6,
14,
19,
18,
12,
2,
-9,
-17,
-20,
-18,
-10,
1,
12,
19,
21,
17,
7,
-4,
-15,
-21,
-21,
-15,
-4,
7,
17,
21,
20,
12,
1,
-10,
-18,
-21,
-18,
-10,
2,
12,
19,
20,
16,
7,
-4,
-14,
-19,
-19,
-13,
-4,
7,
15,
19,
17,
10,
1,
-9,
-16,
-18,
-15,
-7,
2,
10,
16,
16,
12,
5,
-4,
-11,
-15,
-14,
-10,
-2,
5,
11,
14,
12,
7,
0,
-7,
-11,
-13,
-10,
-5,
2,
7,
11,
11,
8,
3,
-3,
-8,
-10,
-9,
-6,
-1,
4,
7,
9,
8,
4,
0,
-4,
-7,
-8,
-6,
-3,
1,
4,
6,
6,
5,
2,
-2,
-4,
-6,
-5,
-3,
-1,
2,
4,
5,
4,
2,
0,
-2,
-4,
-4,
-3,
-1,
1,
2,
3,
3,
2,
1,
-1,
-2,
-3,
-2,
-1,
0,
1,
2,
2,
2,
1,
0,
-1,
-1,
-2,
-1,
0,
0,
1,
1,
1,
1,
0,
0,
-1,
-1,
-1,
0,
0,
0,
0,
0,
0,
0,
0,
0,
