0,
0,
0,
0,
0,
0,
0,
0,
-1,
-1,
0,
1,
1,
0,
0,
-1,
-1,
0,
1,
1,
0,
-1,
-2,
-1,
1,
2,
1,
0,
-2,
-2,
0,
2,
3,
1,
-2,
-3,
-2,
1,
3,
3,
0,
-3,
-4,
-1,
2,
4,
3,
-2,
-5,
-4,
0,
4,
5,
1,
-4,
-6,
-3,
2,
6,
5,
-1,
-6,
-6,
-1,
5,
7,
3,
-4,
-8,
-6,
2,
8,
8,
1,
-7,
-9,
-4,
5,
10,
7,
-3,
-10,
-9,
0,
9,
11,
4,
-7,
-12,
-7,
4,
13,
11,
0,
-11,
-13,
-4,
9,
15,
8,
-6,
-15,
-12,
2,
14,
15,
3,
-12,
-17,
-8,
8,
17,
12,
-3,
-16,
-16,
-2,
14,
18,
8,
-10,
-19,
-13,
5,
19,
17,
1,
-16,
-20,
-7,
12,
21,
12,
-7,
-20,
-17,
1,
18,
20,
6,
-14,
-22,
-11,
8,
21,
16,
-2,
-19,
-20,
-4,
15,
21,
10,
-9,
-21,
-15,
3,
19,
18,
3,
-15,
-20,
-8,
10,
19,
12,
-4,
-17,
-15,
-1,
14,
16,
6,
-9,
-16,
-9,
5,
14,
11,
0,
-11,
-12,
-3,
7,
11,
6,
-4,
-9,
-6,
1,
6,
6,
1,
-3,
-4,
-2,
1,
2,
1,
0,
1,
2,
0,
-3,
-5,
-2,
3,
8,
6,
-2,
-10,
-10,
-1,
11,
15,
6,
-10,
-19,
-12,
6,
22,
20,
0,
-22,
-27,
-9,
19,
33,
19,
-13,
-36,
-30,
3,
36,
40,
10,
-32,
-49,
-25,
22,
53,
40,
-8,
-53,
-54,
-9,
47,
66,
29,
-34,
-72,
-50,
16,
72,
68,
6,
-65,
-83,
-32,
50,
92,
58,
-27,
-93,
-82,
0,
85,
102,
32,
-68,
-114,
-65,
42,
116,
95,
-8,
-108,
-119,
-30,
89,
136,
69,
-59,
-141,
-106,
20,
133,
136,
24,
-112,
-157,
-70,
79,
165,
114,
-35,
-159,
-151,
-15,
137,
177,
68,
-101,
-190,
-120,
53,
185,
164,
3,
-164,
-196,
-63,
126,
213,
122,
-74,
-211,
-173,
12,
191,
212,
54,
-152,
-234,
-120,
97,
236,
178,
-31,
-218,
-224,
-42,
179,
252,
114,
-122,
-259,
-180,
52,
243,
233,
26,
-205,
-267,
-105,
148,
279,
177,
-75,
-267,
-237,
-7,
231,
278,
91,
-174,
-295,
-170,
99,
288,
236,
-14,
-255,
-284,
-75,
198,
307,
159,
-124,
-305,
-231,
36,
275,
285,
56,
-222,
-315,
-144,
148,
317,
222,
-60,
-292,
-281,
-34,
242,
317,
126,
-170,
-325,
-208,
83,
305,
272,
12,
-259,
-314,
-106,
191,
328,
191,
-106,
-314,
-259,
12,
272,
305,
83,
-208,
-325,
-170,
126,
317,
242,
-34,
-281,
-292,
-60,
222,
317,
148,
-144,
-315,
-222,
56,
285,
275,
36,
-231,
-305,
-124,
159,
307,
198,
-75,
-284,
-255,
-14,
236,
288,
99,
-170,
-295,
-174,
91,
278,
231,
-7,
-237,
-267,
-75,
177,
279,
148,
-105,
-267,
-205,
26,
233,
243,
52,
-180,
-259,
-122,
114,
252,
179,
-42,
-224,
-218,
-31,
178,
236,
97,
-120,
-234,
-152,
54,
212,
191,
12,
-173,
-211,
-74,
122,
213,
126,
-63,
-196,
-164,
3,
164,
185,
53,
-120,
-190,
-101,
68,
177,
137,
-15,
-151,
-159,
-35,
114,
165,
79,
-70,
-157,
-112,
24,
136,
133,
20,
-106,
-141,
-59,
69,
136,
89,
-30,
-119,
-108,
-8,
95,
116,
42,
-65,
-114,
-68,
32,
102,
85,
0,
-82,
-93,
-27,
58,
92,
50,
-32,
-83,
-65,
6,
68,
72,
16,
-50,
-72,
-34,
29,
66,
47,
-9,
-54,
-53,
-8,
40,
53,
22,
-25,
-49,
-32,
10,
40,
36,
3,
-30,
-36,
-13,
19,
33,
19,
-9,
-27,
-22,
0,
20,
22,
6,
-12,
-19,
-10,
6,
15,
11,
-1,
-10,
-10,
-2,
6,
8,
3,
-2,
-5,
-3,
0,
2,
1,
0,
1,
2,
1,
-2,
-4,
-3,
1,
6,
6,
1,
-6,
-9,
-4,
6,
11,
7,
-3,
-12,
-11,
0,
11,
14,
5,
-9,
-16,
-9,
6,
16,
14,
-1,
-15,
-17,
-4,
12,
19,
10,
-8,
-20,
-15,
3,
18,
19,
3,
-15,
-21,
-9,
10,
21,
15,
-4,
-20,
-19,
-2,
16,
21,
8,
-11,
-22,
-14,
6,
20,
18,
1,
-17,
-20,
-7,
12,
21,
12,
-7,
-20,
-16,
1,
17,
19,
5,
-13,
-19,
-10,
8,
18,
14,
-2,
-16,
-16,
-3,
12,
17,
8,
-8,
-17,
-12,
3,
15,
14,
2,
-12,
-15,
-6,
8,
15,
9,
-4,
-13,
-11,
0,
11,
13,
4,
-7,
-12,
-7,
4,
11,
9,
0,
-9,
-10,
-3,
7,
10,
5,
-4,
-9,
-7,
1,
8,
8,
2,
-6,
-8,
-4,
3,
7,
5,
-1,
-6,
-6,
-1,
5,
6,
2,
-3,
-6,
-4,
1,
5,
4,
0,
-4,
-5,
-2,
3,
4,
2,
-1,
-4,
-3,
0,
3,
3,
1,
-2,
-3,
-2,
1,
3,
2,
0,
-2,
-2,
0,
1,
2,
1,
-1,
-2,
-1,
0,
1,
1,
0,
-1,
-1,
0,
0,
1,
1,
0,
-1,
-1,
0,
0,
0,
0,
0,
0,
0,
0,
0,
