0,
0,
0,
0,
0,
0,
0,
0,
0,
1,
1,
0,
0,
-1,
-1,
-1,
0,
1,
1,
1,
1,
0,
-1,
-2,
-2,
-1,
0,
2,
2,
2,
1,
-1,
-2,
-3,
-2,
0,
2,
3,
3,
2,
0,
-3,
-4,
-3,
-1,
1,
4,
5,
3,
1,
-2,
-5,
-5,
-3,
0,
4,
6,
5,
3,
-2,
-5,
-7,
-5,
-2,
3,
7,
8,
5,
0,
-5,
-8,
-8,
-4,
2,
7,
10,
8,
3,
-4,
-9,
-10,
-7,
-1,
6,
11,
11,
6,
-2,
-9,
-13,
-11,
-4,
4,
11,
14,
10,
2,
-8,
-14,
-14,
-8,
1,
11,
16,
14,
6,
-5,
-14,
-17,
-13,
-3,
8,
16,
17,
11,
0,
-12,
-18,
-17,
-8,
4,
15,
20,
16,
5,
-8,
-18,
-20,
-13,
-1,
12,
20,
19,
10,
-4,
-16,
-21,
-18,
-6,
8,
19,
21,
15,
2,
-12,
-21,
-20,
-11,
2,
15,
21,
18,
7,
-7,
-18,
-21,
-15,
-3,
10,
19,
19,
11,
-1,
-13,
-19,
-17,
-7,
5,
15,
18,
13,
3,
-8,
-15,
-16,
-10,
0,
9,
14,
12,
6,
-3,
-9,
-12,
-9,
-3,
4,
8,
8,
5,
0,
-4,
-5,
-5,
-2,
1,
2,
2,
1,
0,
0,
2,
3,
3,
1,
-3,
-6,
-7,
-5,
1,
8,
12,
11,
5,
-5,
-14,
-18,
-14,
-3,
11,
21,
24,
15,
-1,
-19,
-30,
-28,
-14,
8,
28,
38,
30,
9,
-18,
-39,
-45,
-30,
-1,
31,
51,
49,
26,
-11,
-45,
-61,
-51,
-18,
25,
60,
70,
49,
6,
-43,
-74,
-75,
-42,
11,
62,
88,
76,
30,
-31,
-81,
-98,
-72,
-14,
54,
100,
104,
63,
-8,
-78,
-117,
-105,
-47,
34,
103,
129,
100,
25,
-63,
-126,
-137,
-87,
2,
93,
147,
137,
67,
-34,
-124,
-162,
-130,
-40,
69,
152,
170,
115,
7,
-106,
-176,
-171,
-91,
31,
142,
194,
162,
59,
-72,
-175,
-204,
-144,
-20,
115,
203,
205,
117,
-24,
-157,
-224,
-195,
-81,
71,
195,
236,
175,
37,
-120,
-227,
-238,
-145,
13,
167,
251,
228,
105,
-66,
-210,
-265,
-206,
-56,
120,
246,
267,
173,
2,
-172,
-273,
-257,
-129,
56,
219,
289,
234,
77,
-115,
-259,
-293,
-199,
-19,
171,
289,
283,
153,
-43,
-223,
-307,
-259,
-99,
106,
266,
312,
223,
38,
-165,
-298,
-302,
-176,
27,
219,
318,
279,
120,
-92,
-265,
-324,
-243,
-57,
154,
299,
315,
195,
-9,
-210,
-320,
-293,
-138,
76,
257,
328,
257,
76,
-138,
-293,
-320,
-210,
-9,
195,
315,
299,
154,
-57,
-243,
-324,
-265,
-92,
120,
279,
318,
219,
27,
-176,
-302,
-298,
-165,
38,
223,
312,
266,
106,
-99,
-259,
-307,
-223,
-43,
153,
283,
289,
171,
-19,
-199,
-293,
-259,
-115,
77,
234,
289,
219,
56,
-129,
-257,
-273,
-172,
2,
173,
267,
246,
120,
-56,
-206,
-265,
-210,
-66,
105,
228,
251,
167,
13,
-145,
-238,
-227,
-120,
37,
175,
236,
195,
71,
-81,
-195,
-224,
-157,
-24,
117,
205,
203,
115,
-20,
-144,
-204,
-175,
-72,
59,
162,
194,
142,
31,
-91,
-171,
-176,
-106,
7,
115,
170,
152,
69,
-40,
-130,
-162,
-124,
-34,
67,
137,
147,
93,
2,
-87,
-137,
-126,
-63,
25,
100,
129,
103,
34,
-47,
-105,
-117,
-78,
-8,
63,
104,
100,
54,
-14,
-72,
-98,
-81,
-31,
30,
76,
88,
62,
11,
-42,
-75,
-74,
-43,
6,
49,
70,
60,
25,
-18,
-51,
-61,
-45,
-11,
26,
49,
51,
31,
-1,
-30,
-45,
-39,
-18,
9,
30,
38,
28,
8,
-14,
-28,
-30,
-19,
-1,
15,
24,
21,
11,
-3,
-14,
-18,
-14,
-5,
5,
11,
12,
8,
1,
-5,
-7,
-6,
-3,
1,
3,
3,
2,
0,
0,
1,
2,
2,
1,
-2,
-5,
-5,
-4,
0,
5,
8,
8,
4,
-3,
-9,
-12,
-9,
-3,
6,
12,
14,
9,
0,
-10,
-16,
-15,
-8,
3,
13,
18,
15,
5,
-7,
-17,
-19,
-13,
-1,
11,
19,
19,
10,
-3,
-15,
-21,
-18,
-7,
7,
18,
21,
15,
2,
-11,
-20,
-21,
-12,
2,
15,
21,
19,
8,
-6,
-18,
-21,
-16,
-4,
10,
19,
20,
12,
-1,
-13,
-20,
-18,
-8,
5,
16,
20,
15,
4,
-8,
-17,
-18,
-12,
0,
11,
17,
16,
8,
-3,
-13,
-17,
-14,
-5,
6,
14,
16,
11,
1,
-8,
-14,
-14,
-8,
2,
10,
14,
11,
4,
-4,
-11,
-13,
-9,
-2,
6,
11,
11,
6,
-1,
-7,
-10,
-9,
-4,
3,
8,
10,
7,
2,
-4,
-8,
-8,
-5,
0,
5,
8,
7,
3,
-2,
-5,
-7,
-5,
-2,
3,
5,
6,
4,
0,
-3,
-5,
-5,
-2,
1,
3,
5,
4,
1,
-1,
-3,
-4,
-3,
0,
2,
3,
3,
2,
0,
-2,
-3,
-2,
-1,
1,
2,
2,
2,
0,
-1,
-2,
-2,
-1,
0,
1,
1,
1,
1,
0,
-1,
-1,
-1,
0,
0,
1,
1,
0,
0,
0,
0,
0,
0,
0,
0,
0,
0,
