0,
0,
0,
0,
0,
0,
0,
0,
0,
-1,
0,
1,
1,
0,
-1,
-1,
0,
1,
1,
-1,
-2,
0,
1,
2,
0,
-2,
-1,
1,
2,
1,
-2,
-2,
0,
3,
2,
-1,
-3,
-2,
2,
3,
1,
-3,
-3,
1,
4,
3,
-2,
-5,
-2,
4,
5,
0,
-5,
-4,
2,
6,
3,
-4,
-6,
-1,
6,
6,
-1,
-7,
-4,
4,
8,
2,
-6,
-7,
0,
8,
6,
-3,
-9,
-4,
7,
9,
1,
-9,
-8,
3,
11,
6,
-6,
-12,
-3,
10,
11,
-1,
-12,
-9,
6,
14,
5,
-10,
-13,
-1,
13,
11,
-4,
-15,
-8,
9,
16,
3,
-14,
-14,
3,
17,
11,
-8,
-18,
-6,
13,
17,
0,
-17,
-14,
6,
19,
9,
-12,
-19,
-3,
17,
17,
-4,
-20,
-12,
11,
21,
6,
-16,
-19,
1,
20,
15,
-8,
-21,
-9,
14,
20,
2,
-19,
-17,
5,
21,
12,
-12,
-21,
-5,
17,
18,
-2,
-20,
-14,
9,
20,
7,
-14,
-19,
-1,
18,
15,
-6,
-19,
-9,
11,
17,
3,
-14,
-14,
3,
15,
10,
-7,
-15,
-5,
10,
12,
0,
-11,
-8,
4,
10,
4,
-6,
-8,
-1,
6,
5,
-1,
-5,
-2,
2,
3,
0,
-1,
0,
0,
-2,
-2,
1,
5,
2,
-5,
-7,
-1,
9,
9,
-3,
-13,
-8,
9,
17,
4,
-16,
-18,
2,
22,
16,
-11,
-27,
-10,
21,
29,
1,
-31,
-27,
11,
39,
20,
-25,
-43,
-8,
39,
41,
-8,
-51,
-33,
27,
57,
19,
-45,
-57,
1,
61,
49,
-24,
-72,
-34,
49,
75,
10,
-70,
-69,
18,
86,
52,
-48,
-94,
-26,
76,
90,
-7,
-99,
-74,
43,
112,
46,
-78,
-112,
-10,
108,
98,
-32,
-128,
-70,
75,
134,
31,
-113,
-124,
17,
141,
98,
-67,
-155,
-57,
113,
150,
5,
-151,
-127,
52,
173,
86,
-107,
-176,
-32,
154,
157,
-31,
-186,
-119,
95,
198,
63,
-152,
-187,
4,
195,
153,
-75,
-217,
-98,
142,
215,
28,
-196,
-187,
49,
230,
136,
-125,
-239,
-65,
191,
220,
-17,
-237,
-173,
101,
258,
105,
-177,
-249,
-20,
236,
210,
-70,
-270,
-146,
156,
273,
61,
-227,
-244,
33,
274,
186,
-128,
-291,
-104,
210,
274,
8,
-270,
-225,
92,
301,
148,
-185,
-297,
-52,
258,
259,
-52,
-302,
-190,
152,
313,
98,
-237,
-288,
7,
295,
229,
-113,
-321,
-143,
208,
310,
39,
-279,
-263,
70,
319,
185,
-172,
-323,
-86,
255,
290,
-24,
-309,
-223,
131,
328,
131,
-223,
-309,
-24,
290,
255,
-86,
-323,
-172,
185,
319,
70,
-263,
-279,
39,
310,
208,
-143,
-321,
-113,
229,
295,
7,
-288,
-237,
98,
313,
152,
-190,
-302,
-52,
259,
258,
-52,
-297,
-185,
148,
301,
92,
-225,
-270,
8,
274,
210,
-104,
-291,
-128,
186,
274,
33,
-244,
-227,
61,
273,
156,
-146,
-270,
-70,
210,
236,
-20,
-249,
-177,
105,
258,
101,
-173,
-237,
-17,
220,
191,
-65,
-239,
-125,
136,
230,
49,
-187,
-196,
28,
215,
142,
-98,
-217,
-75,
153,
195,
4,
-187,
-152,
63,
198,
95,
-119,
-186,
-31,
157,
154,
-32,
-176,
-107,
86,
173,
52,
-127,
-151,
5,
150,
113,
-57,
-155,
-67,
98,
141,
17,
-124,
-113,
31,
134,
75,
-70,
-128,
-32,
98,
108,
-10,
-112,
-78,
46,
112,
43,
-74,
-99,
-7,
90,
76,
-26,
-94,
-48,
52,
86,
18,
-69,
-70,
10,
75,
49,
-34,
-72,
-24,
49,
61,
1,
-57,
-45,
19,
57,
27,
-33,
-51,
-8,
41,
39,
-8,
-43,
-25,
20,
39,
11,
-27,
-31,
1,
29,
21,
-10,
-27,
-11,
16,
22,
2,
-18,
-16,
4,
17,
9,
-8,
-13,
-3,
9,
9,
-1,
-7,
-5,
2,
5,
1,
-2,
-2,
0,
0,
-1,
0,
3,
2,
-2,
-5,
-1,
5,
6,
-1,
-8,
-6,
4,
10,
4,
-8,
-11,
0,
12,
10,
-5,
-15,
-7,
10,
15,
3,
-14,
-14,
3,
17,
11,
-9,
-19,
-6,
15,
18,
-1,
-19,
-14,
7,
20,
9,
-14,
-20,
-2,
18,
17,
-5,
-21,
-12,
12,
21,
5,
-17,
-19,
2,
20,
14,
-9,
-21,
-8,
15,
20,
1,
-19,
-16,
6,
21,
11,
-12,
-20,
-4,
17,
17,
-3,
-19,
-12,
9,
19,
6,
-14,
-17,
0,
17,
13,
-6,
-18,
-8,
11,
17,
3,
-14,
-14,
3,
16,
9,
-8,
-15,
-4,
11,
13,
-1,
-13,
-10,
5,
14,
6,
-9,
-12,
-1,
11,
10,
-3,
-12,
-6,
6,
11,
3,
-8,
-9,
1,
9,
7,
-4,
-9,
-3,
6,
8,
0,
-7,
-6,
2,
8,
4,
-4,
-7,
-1,
6,
6,
-1,
-6,
-4,
3,
6,
2,
-4,
-5,
0,
5,
4,
-2,
-5,
-2,
3,
4,
1,
-3,
-3,
1,
3,
2,
-2,
-3,
-1,
2,
3,
0,
-2,
-2,
1,
2,
1,
-1,
-2,
0,
2,
1,
0,
-2,
-1,
1,
1,
0,
-1,
-1,
0,
1,
1,
0,
-1,
0,
0,
0,
0,
0,
0,
0,
0,
0,
0,
