0,
0,
0,
0,
0,
0,
0,
0,
0,
1,
1,
0,
0,
-1,
-1,
-1,
-1,
0,
1,
1,
2,
1,
0,
-1,
-2,
-2,
-2,
-1,
1,
2,
2,
2,
1,
0,
-2,
-3,
-3,
-2,
0,
2,
3,
4,
2,
0,
-2,
-4,
-4,
-3,
-1,
2,
4,
5,
4,
2,
-2,
-4,
-6,
-5,
-3,
1,
5,
7,
6,
4,
0,
-5,
-7,
-8,
-5,
-1,
4,
8,
9,
7,
2,
-4,
-8,
-10,
-8,
-3,
3,
8,
11,
10,
5,
-2,
-8,
-12,
-11,
-7,
1,
8,
13,
13,
9,
1,
-7,
-13,
-14,
-11,
-3,
6,
13,
16,
13,
5,
-5,
-13,
-17,
-15,
-7,
3,
13,
18,
16,
9,
-1,
-12,
-18,
-18,
-12,
-1,
10,
18,
20,
14,
3,
-9,
-18,
-21,
-16,
-6,
7,
17,
21,
18,
8,
-4,
-16,
-21,
-19,
-11,
2,
14,
21,
20,
13,
1,
-12,
-20,
-21,
-15,
-3,
9,
18,
21,
16,
5,
-7,
-16,
-20,
-17,
-7,
4,
14,
19,
17,
9,
-2,
-12,
-17,
-16,
-10,
0,
9,
14,
15,
10,
2,
-6,
-12,
-13,
-9,
-3,
4,
9,
10,
8,
3,
-2,
-5,
-6,
-5,
-2,
0,
2,
2,
2,
0,
0,
1,
2,
3,
2,
1,
-3,
-6,
-8,
-7,
-2,
4,
10,
13,
12,
5,
-4,
-14,
-19,
-18,
-10,
3,
17,
25,
25,
16,
0,
-18,
-31,
-33,
-23,
-4,
19,
36,
42,
32,
10,
-18,
-41,
-51,
-42,
-18,
15,
44,
59,
53,
28,
-10,
-46,
-67,
-65,
-39,
2,
45,
74,
77,
52,
7,
-43,
-80,
-89,
-67,
-19,
38,
83,
101,
82,
33,
-30,
-85,
-111,
-98,
-49,
19,
84,
120,
115,
67,
-6,
-80,
-127,
-131,
-87,
-10,
73,
132,
146,
107,
29,
-63,
-134,
-159,
-128,
-49,
49,
133,
171,
149,
72,
-32,
-128,
-180,
-169,
-97,
12,
119,
186,
188,
122,
11,
-106,
-188,
-205,
-148,
-37,
90,
187,
219,
173,
64,
-70,
-182,
-230,
-197,
-93,
46,
172,
238,
220,
123,
-19,
-158,
-242,
-241,
-153,
-10,
139,
241,
258,
183,
42,
-116,
-235,
-272,
-211,
-75,
90,
225,
281,
238,
109,
-60,
-210,
-286,
-261,
-143,
28,
190,
286,
281,
176,
7,
-166,
-281,
-297,
-208,
-43,
138,
271,
309,
237,
80,
-106,
-256,
-315,
-263,
-117,
72,
236,
317,
285,
152,
-35,
-211,
-313,
-304,
-186,
-3,
183,
303,
317,
218,
41,
-151,
-289,
-325,
-246,
-79,
116,
270,
328,
270,
116,
-79,
-246,
-325,
-289,
-151,
41,
218,
317,
303,
183,
-3,
-186,
-304,
-313,
-211,
-35,
152,
285,
317,
236,
72,
-117,
-263,
-315,
-256,
-106,
80,
237,
309,
271,
138,
-43,
-208,
-297,
-281,
-166,
7,
176,
281,
286,
190,
28,
-143,
-261,
-286,
-210,
-60,
109,
238,
281,
225,
90,
-75,
-211,
-272,
-235,
-116,
42,
183,
258,
241,
139,
-10,
-153,
-241,
-242,
-158,
-19,
123,
220,
238,
172,
46,
-93,
-197,
-230,
-182,
-70,
64,
173,
219,
187,
90,
-37,
-148,
-205,
-188,
-106,
11,
122,
188,
186,
119,
12,
-97,
-169,
-180,
-128,
-32,
72,
149,
171,
133,
49,
-49,
-128,
-159,
-134,
-63,
29,
107,
146,
132,
73,
-10,
-87,
-131,
-127,
-80,
-6,
67,
115,
120,
84,
19,
-49,
-98,
-111,
-85,
-30,
33,
82,
101,
83,
38,
-19,
-67,
-89,
-80,
-43,
7,
52,
77,
74,
45,
2,
-39,
-65,
-67,
-46,
-10,
28,
53,
59,
44,
15,
-18,
-42,
-51,
-41,
-18,
10,
32,
42,
36,
19,
-4,
-23,
-33,
-31,
-18,
0,
16,
25,
25,
17,
3,
-10,
-18,
-19,
-14,
-4,
5,
12,
13,
10,
4,
-2,
-7,
-8,
-6,
-3,
1,
2,
3,
2,
1,
0,
0,
2,
2,
2,
0,
-2,
-5,
-6,
-5,
-2,
3,
8,
10,
9,
4,
-3,
-9,
-13,
-12,
-6,
2,
10,
15,
14,
9,
0,
-10,
-16,
-17,
-12,
-2,
9,
17,
19,
14,
4,
-7,
-17,
-20,
-16,
-7,
5,
16,
21,
18,
9,
-3,
-15,
-21,
-20,
-12,
1,
13,
20,
21,
14,
2,
-11,
-19,
-21,
-16,
-4,
8,
18,
21,
17,
7,
-6,
-16,
-21,
-18,
-9,
3,
14,
20,
18,
10,
-1,
-12,
-18,
-18,
-12,
-1,
9,
16,
18,
13,
3,
-7,
-15,
-17,
-13,
-5,
5,
13,
16,
13,
6,
-3,
-11,
-14,
-13,
-7,
1,
9,
13,
13,
8,
1,
-7,
-11,
-12,
-8,
-2,
5,
10,
11,
8,
3,
-3,
-8,
-10,
-8,
-4,
2,
7,
9,
8,
4,
-1,
-5,
-8,
-7,
-5,
0,
4,
6,
7,
5,
1,
-3,
-5,
-6,
-4,
-2,
2,
4,
5,
4,
2,
-1,
-3,
-4,
-4,
-2,
0,
2,
4,
3,
2,
0,
-2,
-3,
-3,
-2,
0,
1,
2,
2,
2,
1,
-1,
-2,
-2,
-2,
-1,
0,
1,
2,
1,
1,
0,
-1,
-1,
-1,
-1,
0,
0,
1,
1,
0,
0,
0,
0,
0,
0,
0,
0,
0,
0,
